1988 1 1 2 466000 2756429
1988 1 2 9 655000 2864655
1988 1 3 16 578000 2708739
1988 1 4 23 413000 2840751
1988 1 5 30 395000 2784072
1988 2 6 6 381000 2683789
1988 2 7 13 335000 2666899
1988 2 8 20 316000 2647089
1988 2 9 27 324000 2670581
1988 3 10 5 312000 2630634
1988 3 11 12 294000 2572940
1988 3 12 19 276000 2475333
1988 3 13 26 269000 2390779
1988 4 14 2 257000 2302715
1988 4 15 9 320000 2269936
1988 4 16 16 273000 2182318
1988 4 17 23 272000 2087324
1988 4 18 30 248000 2028769
1988 5 19 7 267000 1966276
1988 5 20 14 257000 1956522
1988 5 21 21 260000 1891634
1988 5 22 28 256000 1805333
1988 6 23 4 235000 1876581
1988 6 24 11 268000 1852857
1988 6 25 18 264000 1816465
1988 6 26 25 269000 1833537
1988 7 27 2 290000 1755810
1988 7 28 9 336000 2032911
1988 7 29 16 378000 2021261
1988 7 30 23 385000 1977197
1988 7 31 30 312000 2008522
1988 8 32 6 294000 1961995
1988 8 33 13 261000 1910379
1988 8 34 20 253000 1859852
1988 8 35 27 242000 1840361
1988 9 36 3 244000 1691617
1988 9 37 10 220000 1784231
1988 9 38 17 247000 1701348
1988 9 39 24 236000 1668900
1988 10 40 1 226000 1612412
1988 10 41 8 277000 1556889
1988 10 42 15 238000 1678716
1988 10 43 22 264000 1632845
1988 10 44 29 266000 1724571
1988 11 45 5 293000 1542684
1988 11 46 12 257000 1854545
1988 11 47 19 336000 1594634
1988 11 48 26 282000 2111695
1988 12 49 3 391000 1965981
1988 12 50 10 354000 2055052
1988 12 51 17 355000 2059991
1988 12 52 24 413000 2075559
1988 12 53 31 474000 2473167
1989 1 1 7 544000 2707199
1989 1 2 14 520000 2554884
1989 1 3 21 364000 2660091
1989 1 4 28 361000 2597551
1989 2 5 4 341000 2569194
1989 2 6 11 365000 2647533
1989 2 7 18 318000 2577799
1989 2 8 25 289000 2732331
1989 3 9 4 334000 2612415
1989 3 10 11 325000 2634121
1989 3 11 18 291000 2501793
1989 3 12 25 276000 2477317
1989 4 13 1 276000 2375439
1989 4 14 8 322000 2281715
1989 4 15 15 275000 2238769
1989 4 16 22 271000 2135792
1989 4 17 29 248000 2047774
1989 5 18 6 275000 1995218
1989 5 19 13 276000 2045661
1989 5 20 20 260000 1907797
1989 5 21 27 266000 1807496
1989 6 22 3 243000 1952253
1989 6 23 10 296000 1896695
1989 6 24 17 286000 1897424
1989 6 25 24 295000 1933759
1989 7 26 1 320000 1828308
1989 7 27 8 365000 2194084
1989 7 28 15 424000 2185720
1989 7 29 22 365000 2057877
1989 7 30 29 321000 2071615
1989 8 31 5 312000 2102030
1989 8 32 12 291000 2045875
1989 8 33 19 261000 1955383
1989 8 34 26 254000 1943580
1989 9 35 2 260000 1776843
1989 9 36 9 240000 1926837
1989 9 37 16 272000 1761440
1989 9 38 23 263000 1833067
1989 9 39 30 265000 1758194
1989 10 40 7 376000 1759529
1989 10 41 14 285000 1903455
1989 10 42 21 316000 1879567
1989 10 43 28 318000 1916421
1989 11 44 4 337000 1844888
1989 11 45 11 304000 2077694
1989 11 46 18 378000 1824682
1989 11 47 25 316000 2380695
1989 12 48 2 444000 2246457
1989 12 49 9 426000 2287594
1989 12 50 16 421000 2326845
1989 12 51 23 534000 2404078
1989 12 52 30 516000 2838399
1990 1 1 6 582000 3108000
1990 1 2 13 731000 2879525
1990 1 3 20 485000 3130998
1990 1 4 27 441000 2895197
1990 2 5 3 433000 2938862
1990 2 6 10 430000 2887118
1990 2 7 17 365000 2922967
1990 2 8 24 342000 2947650
1990 3 9 3 362000 2969182
1990 3 10 10 356000 2839915
1990 3 11 17 325000 2851281
1990 3 12 24 306000 2707282
1990 3 13 31 297000 2679792
1990 4 14 7 372000 2507053
1990 4 15 14 316000 2600103
1990 4 16 21 325000 2435156
1990 4 17 28 295000 2409865
1990 5 18 5 304000 2276793
1990 5 19 12 299000 2276852
1990 5 20 19 287000 2200158
1990 5 21 26 296000 2144261
1990 6 22 2 274000 2220329
1990 6 23 9 322000 2203911
1990 6 24 16 306000 2169344
1990 6 25 23 317000 2185255
1990 6 26 30 326000 2092566
1990 7 27 7 419000 2449972
1990 7 28 14 449000 2482738
1990 7 29 21 408000 2335706
1990 7 30 28 353000 2335177
1990 8 31 4 337000 2322631
1990 8 32 11 331000 2309895
1990 8 33 18 314000 2275767
1990 8 34 25 302000 2263087
1990 9 35 1 306000 2096487
1990 9 36 8 278000 2249277
1990 9 37 15 323000 2124952
1990 9 38 22 306000 2100832
1990 9 39 29 308000 2102229
1990 10 40 6 362000 2030912
1990 10 41 13 356000 2251844
1990 10 42 20 387000 2250868
1990 10 43 27 395000 2341201
1990 11 44 3 425000 2368817
1990 11 45 10 464000 2420488
1990 11 46 17 433000 2378735
1990 11 47 24 423000 3011553
1990 12 48 1 569000 2920595
1990 12 49 8 574000 2991256
1990 12 50 15 523000 3049870
1990 12 51 22 637000 2910635
1990 12 52 29 650000 3487570
1991 1 1 5 652000 4056766
1991 1 2 12 873000 3950860
1991 1 3 19 691000 3750707
1991 1 4 26 511000 3933737
1991 2 5 2 563000 4015252
1991 2 6 9 575000 3958296
1991 2 7 16 498000 4036931
1991 2 8 23 492000 4137192
1991 3 9 2 504000 4186215
1991 3 10 9 514000 4087481
1991 3 11 16 471000 4138058
1991 3 12 23 478000 3931340
1991 3 13 30 413000 3992459
1991 4 14 6 448000 3776293
1991 4 15 13 459000 3755007
1991 4 16 20 434000 3596574
1991 4 17 27 385000 3512297
1991 5 18 4 384000 3396704
1991 5 19 11 382000 3362554
1991 5 20 18 366000 3227614
1991 5 21 25 365000 3080050
1991 6 22 1 321000 3250555
1991 6 23 8 398000 3129153
1991 6 24 15 369000 3119199
1991 6 25 22 371000 3053175
1991 6 26 29 370000 2886389
1991 7 27 6 427000 3315338
1991 7 28 13 518000 3265105
1991 7 29 20 455000 3155190
1991 7 30 27 408000 3144434
1991 8 31 3 398000 3134722
1991 8 32 10 386000 3065017
1991 8 33 17 345000 2973801
1991 8 34 24 329000 2923103
1991 8 35 31 328000 2698721
1991 9 36 7 302000 2873554
1991 9 37 14 342000 2731686
1991 9 38 21 333000 2684668
1991 9 39 28 334000 2632308
1991 10 40 5 367000 2642986
1991 10 41 12 388000 2605702
1991 10 42 19 344000 2772408
1991 10 43 26 380000 2741063
1991 11 44 2 428000 2819131
1991 11 45 9 473000 2842332
1991 11 46 16 418000 3039756
1991 11 47 23 503000 2780823
1991 11 48 30 433000 3545383
1991 12 49 7 610000 3336777
1991 12 50 14 554000 3497146
1991 12 51 21 556000 3136770
1991 12 52 28 626000 3814532
1992 1 1 4 652000 4498435
1992 1 2 11 882100 4217517
1992 1 3 18 687900 4074494
1992 1 4 25 504800 4177760
1992 2 5 1 508600 4103202
1992 2 6 8 537200 4033751
1992 2 7 15 469800 3977457
1992 2 8 22 429700 4261552
1992 2 9 29 455000 4086705
1992 3 10 7 434400 3955182
1992 3 11 14 417300 3932184
1992 3 12 21 413200 3865442
1992 3 13 28 370900 3813166
1992 4 14 4 393400 3667177
1992 4 15 11 412900 3564661
1992 4 16 18 366600 3448706
1992 4 17 25 364500 3419243
1992 5 18 2 363800 3287889
1992 5 19 9 364100 3233271
1992 5 20 16 341400 3101430
1992 5 21 23 343400 2936557
1992 5 22 30 305100 3106796
1992 6 23 6 375000 2996898
1992 6 24 13 369100 2988680
1992 6 25 20 370000 2965736
1992 6 26 27 370400 2872638
1992 7 27 4 395500 3096809
1992 7 28 11 507900 3143730
1992 7 29 18 453900 3151008
1992 7 30 25 556300 3171535
1992 8 31 1 383900 3307059
1992 8 32 8 370600 2979582
1992 8 33 15 330200 2949874
1992 8 34 22 321800 2843536
1992 8 35 29 325100 2758658
1992 9 36 5 355600 2616069
1992 9 37 12 317600 2791251
1992 9 38 19 370300 2600400
1992 9 39 26 336200 2580590
1992 10 40 3 349300 2462242
1992 10 41 10 377500 2423689
1992 10 42 17 332400 2601838
1992 10 43 24 356700 2518091
1992 10 44 31 353800 2529758
1992 11 45 7 415400 2510518
1992 11 46 14 369500 2724779
1992 11 47 21 426500 2411720
1992 11 48 28 338200 3012861
1992 12 49 5 476600 2833201
1992 12 50 12 449500 2894501
1992 12 51 19 422500 2672570
1992 12 52 26 422200 2982511
1993 1 1 2 519300 3541687
1993 1 2 9 744400 3417366
1993 1 3 16 591200 3367001
1993 1 4 23 444100 3414605
1993 1 5 30 428300 3315533
1993 2 6 6 415300 3200962
1993 2 7 13 367500 3174541
1993 2 8 20 367500 3315199
1993 2 9 27 390700 3292910
1993 3 10 6 388200 3235224
1993 3 11 13 362000 3136914
1993 3 12 20 343500 3162342
1993 3 13 27 357100 3117826
1993 4 14 3 359500 2980338
1993 4 15 10 377000 3003557
1993 4 16 17 351100 2919904
1993 4 17 24 340000 2839531
1993 5 18 1 311500 2680690
1993 5 19 8 328000 2713019
1993 5 20 15 314300 2625230
1993 5 21 22 312300 2551358
1993 5 22 29 318200 2468881
1993 6 23 5 299600 2600518
1993 6 24 12 338300 2589155
1993 6 25 19 334100 2594446
1993 6 26 26 336000 2544078
1993 7 27 3 375100 2407602
1993 7 28 10 400900 2825535
1993 7 29 17 449000 2724796
1993 7 30 24 519000 2696676
1993 7 31 31 362200 2718132
1993 8 32 7 353900 2624960
1993 8 33 14 310900 2584811
1993 8 34 21 300600 2524664
1993 8 35 28 281700 2464309
1993 9 36 4 297800 2269912
1993 9 37 11 263100 2465746
1993 9 38 18 307400 2333263
1993 9 39 25 292200 2305269
1993 10 40 2 290400 2233985
1993 10 41 9 348800 2191252
1993 10 42 16 296100 2387995
1993 10 43 23 327200 2365764
1993 10 44 30 314100 2386515
1993 11 45 6 370600 2325879
1993 11 46 13 314400 2559633
1993 11 47 20 382700 2282711
1993 11 48 27 310800 2898489
1993 12 49 4 437200 2723368
1993 12 50 11 405400 2818129
1993 12 51 18 389100 2710554
1993 12 52 25 405000 2814857
1994 1 1 1 490600 3367915
1994 1 2 8 684100 3449472
1994 1 3 15 580100 3208257
1994 1 4 22 435400 3545764
1994 1 5 29 487900 3435362
1994 2 6 5 436200 3357684
1994 2 7 12 390100 3604923
1994 2 8 19 371100 3292486
1994 2 9 26 309200 3476587
1994 3 10 5 357400 3357435
1994 3 11 12 333000 3328411
1994 3 12 19 309700 3193930
1994 3 13 26 294500 3094818
1994 4 14 2 291500 2992338
1994 4 15 9 363300 2974931
1994 4 16 16 328900 2843275
1994 4 17 23 300200 2729535
1994 4 18 30 286800 2716409
1994 5 19 7 332800 2606450
1994 5 20 14 303300 2644286
1994 5 21 21 299300 2522357
1994 5 22 28 291800 2440732
1994 6 23 4 273900 2539802
1994 6 24 11 309000 2506642
1994 6 25 18 298200 2460985
1994 6 26 25 305900 2477528
1994 7 27 2 327300 2358971
1994 7 28 9 394500 2710100
1994 7 29 16 443700 2671851
1994 7 30 23 354500 2559819
1994 7 31 30 296000 2509990
1994 8 32 6 304400 2474549
1994 8 33 13 277600 2451910
1994 8 34 20 262100 2392742
1994 8 35 27 257300 2359336
1994 9 36 3 270600 2171194
1994 9 37 10 237500 2287691
1994 9 38 17 264600 2162830
1994 9 39 24 251200 2117247
1994 10 40 1 255600 2074777
1994 10 41 8 322500 2005550
1994 10 42 15 272700 2192818
1994 10 43 22 296600 2103200
1994 10 44 29 291600 2153143
1994 11 45 5 338600 2071248
1994 11 46 12 298000 2312701
1994 11 47 19 366700 2041379
1994 11 48 26 295700 2631371
1994 12 49 3 412800 2457385
1994 12 50 10 397200 2558552
1994 12 51 17 376200 2528593
1994 12 52 24 423400 2600655
1994 12 53 31 482700 2919249
1995 1 1 7 612600 3204273
1995 1 2 14 608900 3106510
1995 1 3 21 400800 3140684
1995 1 4 28 396500 3144902
1995 2 5 4 381800 3063391
1995 2 6 11 387400 3141413
1995 2 7 18 356200 3066721
1995 2 8 25 316900 3140967
1995 3 9 4 342000 3054753
1995 3 10 11 339600 3058336
1995 3 11 18 319200 2932400
1995 3 12 25 305500 2884431
1995 4 13 1 294000 2735222
1995 4 14 8 356800 2667325
1995 4 15 15 318000 2635670
1995 4 16 22 317100 2591645
1995 4 17 29 305600 2500747
1995 5 18 6 325400 2408314
1995 5 19 13 311600 2428514
1995 5 20 20 316300 2394017
1995 5 21 27 314400 2288164
1995 6 22 3 286600 2412575
1995 6 23 10 340600 2370672
1995 6 24 17 337800 2378798
1995 6 25 24 324400 2386331
1995 7 26 1 341200 2294771
1995 7 27 8 428600 2677411
1995 7 28 15 491900 2704053
1995 7 29 22 409300 2526569
1995 7 30 29 311700 2474244
1995 8 31 5 310700 2433531
1995 8 32 12 296700 2428865
1995 8 33 19 286000 2366346
1995 8 34 26 272200 2335659
1995 9 35 2 278700 2157979
1995 9 36 9 266100 2285481
1995 9 37 16 304300 2186550
1995 9 38 23 272400 2137750
1995 9 39 30 269100 2092237
1995 10 40 7 345300 2081344
1995 10 41 14 306500 2223096
1995 10 42 21 322900 2183047
1995 10 43 28 332100 2256758
1995 11 44 4 383700 2161283
1995 11 45 11 335200 2422640
1995 11 46 18 425900 2128078
1995 11 47 25 336300 2801377
1995 12 48 2 474500 2593805
1995 12 49 9 421100 2658329
1995 12 50 16 423500 2639023
1995 12 51 23 490300 2782295
1995 12 52 30 513700 3158779
1996 1 1 6 596000 3334482
1996 1 2 13 637900 3267053
1996 1 3 20 510800 3470091
1996 1 4 27 493000 3261489
1996 2 5 3 433700 3412932
1996 2 6 10 441000 3296740
1996 2 7 17 395300 3281051
1996 2 8 24 347100 3282015
1996 3 9 2 368000 3282378
1996 3 10 9 355800 3147562
1996 3 11 16 357100 3145405
1996 3 12 23 396700 3112606
1996 3 13 30 342000 2972000
1996 4 14 6 353000 2809377
1996 4 15 13 343700 2810900
1996 4 16 20 336000 2635448
1996 4 17 27 292000 2588512
1996 5 18 4 298200 2461933
1996 5 19 11 303500 2441081
1996 5 20 18 287900 2371899
1996 5 21 25 287600 2294656
1996 6 22 1 266100 2345998
1996 6 23 8 329100 2278659
1996 6 24 15 307100 2342014
1996 6 25 22 312200 2320261
1996 6 26 29 315600 2257174
1996 7 27 6 383000 2493008
1996 7 28 13 449500 2554691
1996 7 29 20 360400 2432671
1996 7 30 27 294800 2373525
1996 8 31 3 283200 2334951
1996 8 32 10 285800 2317551
1996 8 33 17 265700 2280788
1996 8 34 24 259700 2239076
1996 8 35 31 251400 2108790
1996 9 36 7 238900 2105993
1996 9 37 14 272500 2077963
1996 9 38 21 273200 2017274
1996 9 39 28 261300 1997890
1996 10 40 5 292000 1969583
1996 10 41 12 306500 1966937
1996 10 42 19 271900 2039622
1996 10 43 26 312000 2063060
1996 11 44 2 320800 2084152
1996 11 45 9 340200 2111062
1996 11 46 16 330700 2220879
1996 11 47 23 383500 2042433
1996 11 48 30 328200 2612507
1996 12 49 7 444300 2458896
1996 12 50 14 404400 2533262
1996 12 51 21 429600 2443253
1996 12 52 28 520700 2914281
1997 1 1 4 541200 3409390
1997 1 2 11 654500 3103732
1997 1 3 18 513900 3028156
1997 1 4 25 385300 3070348
1997 2 5 1 380100 3025548
1997 2 6 8 370800 2957037
1997 2 7 15 320400 2952894
1997 2 8 22 309200 2976756
1997 3 9 1 317300 2919335
1997 3 10 8 314800 2805375
1997 3 11 15 296700 2778065
1997 3 12 22 291500 2632872
1997 3 13 29 268800 2615853
1997 4 14 5 311200 2497816
1997 4 15 12 329700 2452384
1997 4 16 19 286600 2322609
1997 4 17 26 295200 2322204
1997 5 18 3 295600 2212783
1997 5 19 10 278100 2183787
1997 5 20 17 267300 2096047
1997 5 21 24 264700 2015018
1997 5 22 31 248200 2099415
1997 6 23 7 309900 2060147
1997 6 24 14 302600 2068314
1997 6 25 21 290700 2084451
1997 6 26 28 298300 2052529
1997 7 27 5 372600 2259475
1997 7 28 12 434600 2337162
1997 7 29 19 339300 2236616
1997 7 30 26 281800 2180260
1997 8 31 2 273500 2116882
1997 8 32 9 289100 2115834
1997 8 33 16 272900 2109053
1997 8 34 23 255200 2054433
1997 8 35 30 250200 1937027
1997 9 36 6 224900 1945602
1997 9 37 13 253500 1856497
1997 9 38 20 246100 1819328
1997 9 39 27 237200 1806230
1997 10 40 4 260700 1775301
1997 10 41 11 286400 1781417
1997 10 42 18 255600 1822255
1997 10 43 25 272600 1846670
1997 11 44 1 293100 1877601
1997 11 45 8 322800 1858302
1997 11 46 15 311500 2041270
1997 11 47 22 341800 1896743
1997 11 48 29 309800 2316089
1997 12 49 6 402700 2189839
1997 12 50 13 374100 2315621
1997 12 51 20 368800 2134581
1997 12 52 27 445300 2597938
1998 1 1 3 479900 3174121
1998 1 2 10 682000 2877030
1998 1 3 17 512800 2781353
1998 1 4 24 355100 2804818
1998 1 5 31 358000 2769230
1998 2 6 7 368100 2719452
1998 2 7 14 328400 2716844
1998 2 8 21 313400 2722595
1998 2 9 28 313500 2721428
1998 3 10 7 305500 2608178
1998 3 11 14 298300 2652518
1998 3 12 21 293700 2524880
1998 3 13 28 272800 2487250
1998 4 14 4 288500 2297762
1998 4 15 11 294000 2334635
1998 4 16 18 288100 2241179
1998 4 17 25 278200 2150162
1998 5 18 2 261100 2032518
1998 5 19 9 270100 2011465
1998 5 20 16 262100 1956659
1998 5 21 23 259100 1901622
1998 5 22 30 248600 1944655
1998 6 23 6 289500 1930892
1998 6 24 13 293200 1970932
1998 6 25 20 322000 1987087
1998 6 26 27 348800 2094566
1998 7 27 4 379700 2258033
1998 7 28 11 429000 2408772
1998 7 29 18 364800 2332055
1998 7 30 25 314800 2314333
1998 8 31 1 277600 2228735
1998 8 32 8 279600 2113919
1998 8 33 15 246800 2049106
1998 8 34 22 238000 1990926
1998 8 35 29 233500 1931309
1998 9 36 5 255900 1806148
1998 9 37 12 217500 1866054
1998 9 38 19 237600 1725122
1998 9 39 26 220700 1746546
1998 10 40 3 246300 1724571
1998 10 41 10 300900 1739836
1998 10 42 17 257200 1814386
1998 10 43 24 275600 1797952
1998 10 44 31 281900 1846120
1998 11 45 7 332600 1839825
1998 11 46 14 315500 2002794
1998 11 47 21 338500 1871290
1998 11 48 28 295000 2322927
1998 12 49 5 421600 2189652
1998 12 50 12 355900 2291309
1998 12 51 19 344500 2123256
1998 12 52 26 442200 2485732
1999 1 1 2 509000 3065920
1999 1 2 9 713800 2890907
1999 1 3 16 514100 2862950
1999 1 4 23 364700 2804122
1999 1 5 30 349700 2830366
1999 2 6 6 344900 2724075
1999 2 7 13 320700 2723859
1999 2 8 20 286100 2764594
1999 2 9 27 297900 2724709
1999 3 10 6 297300 2642955
1999 3 11 13 289800 2638731
1999 3 12 20 275500 2550442
1999 3 13 27 260800 2452286
1999 4 14 3 263500 2425619
1999 4 15 10 327600 2368861
1999 4 16 17 286000 2271924
1999 4 17 24 263800 2184330
1999 5 18 1 252200 2132520
1999 5 19 8 274300 2058927
1999 5 20 15 251100 2066710
1999 5 21 22 250400 1991790
1999 5 22 29 260500 1971914
1999 6 23 5 256900 2002752
1999 6 24 12 267600 2017627
1999 6 25 19 267800 1990497
1999 6 26 26 269800 2033329
1999 7 27 3 303800 2012194
1999 7 28 10 364100 2238123
1999 7 29 17 369100 2239048
1999 7 30 24 293300 2139377
1999 7 31 31 254200 2071173
1999 8 32 7 259800 2054099
1999 8 33 14 236700 2025904
1999 8 34 21 226100 1981518
1999 8 35 28 219300 1933993
1999 9 36 4 235800 1813976
1999 9 37 11 204300 1856169
1999 9 38 18 219100 1783550
1999 9 39 25 232500 1763215
1999 10 40 2 246400 1725820
1999 10 41 9 278900 1692025
1999 10 42 16 234600 1761523
1999 10 43 23 250900 1735699
1999 10 44 30 257800 1779922
1999 11 45 6 297100 1758806
1999 11 46 13 262600 1866516
1999 11 47 20 309200 1777254
1999 11 48 27 268300 2190445
1999 12 49 4 378700 2050291
1999 12 50 11 318200 2146849
1999 12 51 18 329600 2099639
1999 12 52 25 377700 2246644
2000 1 1 1 439900 2761926
2000 1 2 8 606900 2686013
2000 1 3 15 442500 2588921
2000 1 4 22 328800 2547393
2000 1 5 29 332700 2676851
2000 2 6 5 365200 2618066
2000 2 7 12 311900 2658811
2000 2 8 19 281300 2520055
2000 2 9 26 259000 2629550
2000 3 10 4 283000 2478089
2000 3 11 11 255100 2461643
2000 3 12 18 242100 2327966
2000 3 13 25 239800 2304255
2000 4 14 1 229500 2167594
2000 4 15 8 274100 2114001
2000 4 16 15 237200 2008759
2000 4 17 22 240300 2016353
2000 4 18 29 249500 1957972
2000 5 19 6 259500 1855390
2000 5 20 13 231700 1837764
2000 5 21 20 234600 1800077
2000 5 22 27 239800 1776119
2000 6 23 3 243000 1849401
2000 6 24 10 267800 1836042
2000 6 25 17 265600 1869730
2000 6 26 24 273300 1876056
2000 7 27 1 281000 1862788
2000 7 28 8 363800 2140632
2000 7 29 15 378000 2158335
2000 7 30 22 296300 2009764
2000 7 31 29 253500 1999953
2000 8 32 5 266200 1966461
2000 8 33 12 261400 1972344
2000 8 34 19 251800 1956668
2000 8 35 26 239000 1905264
2000 9 36 2 242400 1836897
2000 9 37 9 230000 1854756
2000 9 38 16 246000 1759993
2000 9 39 23 222200 1726654
2000 9 40 30 227200 1699344
2000 10 41 7 292800 1723497
2000 10 42 14 255100 1788584
2000 10 43 21 263400 1753464
2000 10 44 28 269500 1822289
2000 11 45 4 342400 1774889
2000 11 46 11 294700 1972938
2000 11 47 18 374200 1898521
2000 11 48 25 321900 2394176
2000 12 49 2 447300 2211195
2000 12 50 9 390100 2315331
2000 12 51 16 402500 2356340
2000 12 52 23 481700 2525315
2000 12 53 30 569000 2983919
2001 1 1 6 558800 3067097
2001 1 2 13 599600 2833258
2001 1 3 20 398200 3048535
2001 1 4 27 447400 2950004
2001 2 5 3 424700 3052109
2001 2 6 10 396200 2936361
2001 2 7 17 345800 3003753
2001 2 8 24 357600 3016843
2001 3 9 3 379300 3049224
2001 3 10 10 377200 2966369
2001 3 11 17 351500 2984895
2001 3 12 24 334700 2860911
2001 3 13 31 328600 2844860
2001 4 14 7 397300 2672762
2001 4 15 14 347000 2840579
2001 4 16 21 369700 2709206
2001 4 17 28 353800 2670426
2001 5 18 5 336300 2551534
2001 5 19 12 331800 2611965
2001 5 20 19 338400 2562318
2001 5 21 26 346200 2616172
2001 6 22 2 335800 2680033
2001 6 23 9 397000 2685697
2001 6 24 16 354500 2703845
2001 6 25 23 351800 2731320
2001 6 26 30 375900 2665672
2001 7 27 7 526800 3093737
2001 7 28 14 524100 3101591
2001 7 29 21 406000 2900831
2001 7 30 28 333000 2937020
2001 8 31 4 341700 2897604
2001 8 32 11 333000 2928424
2001 8 33 18 317000 2855016
2001 8 34 25 307900 2859180
2001 9 35 1 319000 2740783
2001 9 36 8 309600 2793972
2001 9 37 15 317200 2703020
2001 9 38 22 353600 2737709
2001 9 39 29 400400 2796316
2001 10 40 6 441800 2797405
2001 10 41 13 426900 2964702
2001 10 42 20 429500 3030241
2001 10 43 27 436900 3092575
2001 11 44 3 444000 3181759
2001 11 45 10 456400 3180486
2001 11 46 17 420300 3141998
2001 11 47 24 438900 3721973
2001 12 48 1 605900 3626565
2001 12 49 8 491800 3665759
2001 12 50 15 440900 3734892
2001 12 51 22 529600 3619326
2001 12 52 29 647000 4228206
2002 1 1 5 637300 4685080
2002 1 2 12 799200 4290623
2002 1 3 19 558300 4325313
2002 1 4 26 431700 4262481
2002 2 5 2 445600 4347221
2002 2 6 9 438600 4238337
2002 2 7 16 376600 4270421
2002 2 8 23 367500 4234460
2002 3 9 2 385300 4259454
2002 3 10 9 387000 4109695
2002 3 11 16 352000 4133800
2002 3 12 23 348200 3962242
2002 3 13 30 317800 4061959
2002 4 14 6 382600 3851621
2002 4 15 13 380100 3788429
2002 4 16 20 363200 3641561
2002 4 17 27 349800 3633702
2002 5 18 4 348800 3470968
2002 5 19 11 344600 3483300
2002 5 20 18 335300 3373492
2002 5 21 25 336100 3325982
2002 6 22 1 309200 3356032
2002 6 23 8 378600 3364030
2002 6 24 15 356100 3315777
2002 6 25 22 359000 3340273
2002 6 26 29 358700 3218111
2002 7 27 6 456700 3568069
2002 7 28 13 506700 3589337
2002 7 29 20 394600 3403334
2002 7 30 27 338400 3361794
2002 8 31 3 326400 3309272
2002 8 32 10 332700 3272880
2002 8 33 17 313900 3258658
2002 8 34 24 314900 3193748
2002 8 35 31 310900 3052551
2002 9 36 7 318400 3107849
2002 9 37 14 337600 3013696
2002 9 38 21 317300 2988181
2002 9 39 28 319100 2954225
2002 10 40 5 365613 2974814
2002 10 41 12 385689 2967513
2002 10 42 19 349927 3021815
2002 10 43 26 375591 3059193
2002 11 44 2 397346 3137165
2002 11 45 9 427078 3100218
2002 11 46 16 372829 3263052
2002 11 47 23 436549 3106044
2002 11 48 30 385788 3618507
2002 12 49 7 547430 3543993
2002 12 50 14 486258 3630381
2002 12 51 21 483449 3428329
2002 12 52 28 620929 4081930
2003 1 1 4 620004 4486870
2003 1 2 11 724111 4123632
2003 1 3 18 542563 4068516
2003 1 4 25 434888 4149699
2003 2 5 1 449286 4148823
2003 2 6 8 439520 4089677
2003 2 7 15 398291 4089902
2003 2 8 22 387536 4192955
2003 3 9 1 429782 4191412
2003 3 10 8 414568 4096551
2003 3 11 15 389909 4067954
2003 3 12 22 361492 3939370
2003 3 13 29 371692 3875224
2003 4 14 5 394160 3701064
2003 4 15 12 434911 3736748
2003 4 16 19 399180 3652316
2003 4 17 26 401342 3621019
2003 5 18 3 377383 3502794
2003 5 19 10 364287 3459502
2003 5 20 17 362276 3400384
2003 5 21 24 359500 3297674
2003 5 22 31 351890 3438523
2003 6 23 7 421190 3376503
2003 6 24 14 383371 3396155
2003 6 25 21 376560 3392668
2003 6 26 28 394214 3330105
2003 7 27 5 483401 3627409
2003 7 28 12 552621 3692996
2003 7 29 19 429381 3541796
2003 7 30 26 348382 3508332
2003 8 31 2 333770 3417741
2003 8 32 9 348207 3379961
2003 8 33 16 312087 3343255
2003 8 34 23 313058 3252130
2003 8 35 30 319362 3120553
2003 9 36 6 322501 3173450
2003 9 37 13 328414 3039387
2003 9 38 20 301217 3006347
2003 9 39 27 304968 2964170
2003 10 40 4 337880 2949032
2003 10 41 11 368876 2895596
2003 10 42 18 328572 2994670
2003 10 43 25 352117 2952618
2003 11 44 1 345573 3025662
2003 11 45 8 397387 2996755
2003 11 46 15 347719 3137692
2003 11 47 22 397990 2949992
2003 11 48 29 357811 3397952
2003 12 49 6 486202 3287681
2003 12 50 13 412627 3393846
2003 12 51 20 424192 3247595
2003 12 52 27 516493 3730751
2004 1 1 3 552815 4150431
2004 1 2 10 677897 3851301
2004 1 3 17 490763 3798519
2004 1 4 24 382262 3773316
2004 1 5 31 406298 3850990
2004 2 6 7 433234 3776188
2004 2 7 14 341634 3729369
2004 2 8 21 328171 3738056
2004 2 9 28 342140 3674294
2004 3 10 6 339007 3551292
2004 3 11 13 312067 3513900
2004 3 12 20 304462 3385174
2004 3 13 27 296776 3310942
2004 4 14 3 304249 3112845
2004 4 15 10 350739 3143186
2004 4 16 17 334965 3037412
2004 4 17 24 313686 2915357
2004 5 18 1 283236 2836423
2004 5 19 8 292754 2772073
2004 5 20 15 297061 2734768
2004 5 21 22 293974 2702892
2004 5 22 29 304067 2633372
2004 6 23 5 308229 2674791
2004 6 24 12 313930 2733297
2004 6 25 19 322481 2720586
2004 6 26 26 318746 2741743
2004 7 27 3 349920 2720765
2004 7 28 10 444531 2894749
2004 7 29 17 394372 2938264
2004 7 30 24 313225 2814264
2004 7 31 31 282128 2755373
2004 8 32 7 291611 2732802
2004 8 33 14 262936 2692183
2004 8 34 21 274433 2614899
2004 8 35 28 276308 2580150
2004 9 36 4 274930 2455140
2004 9 37 11 250568 2475605
2004 9 38 18 275846 2397828
2004 9 39 25 282729 2368048
2004 10 40 2 279591 2320254
2004 10 41 9 338711 2293444
2004 10 42 16 279846 2402533
2004 10 43 23 317573 2371518
2004 10 44 30 305546 2434394
2004 11 45 6 351404 2388670
2004 11 46 13 311901 2528643
2004 11 47 20 355954 2331862
2004 11 48 27 320690 2880075
2004 12 49 4 473570 2684337
2004 12 50 11 370604 2820965
2004 12 51 18 374749 2712542
2004 12 52 25 446699 3025945
2005 1 1 1 540927 3401253
2005 1 2 8 693776 3342292
2005 1 3 15 467862 3311633
2005 1 4 22 360583 3263705
2005 1 5 29 364704 3296052
2005 2 6 5 347391 3216436
2005 2 7 12 309290 3239778
2005 2 8 19 303814 3096036
2005 2 9 26 290776 3226999
2005 3 10 5 332067 3085920
2005 3 11 12 307061 3090703
2005 3 12 19 290719 2914529
2005 3 13 26 291378 2959537
2005 4 14 2 294994 2809420
2005 4 15 9 339709 2731177
2005 4 16 16 285657 2612500
2005 4 17 23 299891 2564797
2005 4 18 30 290824 2507877
2005 5 19 7 297347 2443129
2005 5 20 14 275524 2398134
2005 5 21 21 276761 2361073
2005 5 22 28 304306 2342313
2005 6 23 4 289914 2432328
2005 6 24 11 315938 2395982
2005 6 25 18 289831 2404688
2005 6 26 25 286681 2415224
2005 7 27 2 327268 2410697
2005 7 28 9 427323 2624504
2005 7 29 16 374665 2634714
2005 7 30 23 295026 2508852
2005 7 31 30 261906 2467095
2005 8 32 6 269746 2436846
2005 8 33 13 257151 2418884
2005 8 34 20 252016 2379439
2005 8 35 27 251642 2323719
2005 9 36 3 271613 2216756
2005 9 37 10 322387 2311981
2005 9 38 17 346204 2349781
2005 9 39 24 292435 2393581
2005 10 40 1 313847 2372126
2005 10 41 8 380093 2343807
2005 10 42 15 303158 2437294
2005 10 43 22 304733 2378680
2005 10 44 29 294376 2416475
2005 11 45 5 340491 2364283
2005 11 46 12 283564 2564292
2005 11 47 19 368859 2302708
2005 11 48 26 290730 2695927
2005 12 49 3 444600 2542217
2005 12 50 10 391961 2709414
2005 12 51 17 359108 2691842
2005 12 52 24 433397 2823270
2005 12 53 31 475889 3155322
2006 1 1 7 555114 3162229
2006 1 2 14 439873 3044307
2006 1 3 21 317926 3051709
2006 1 4 28 318805 3074962
2006 2 5 4 321527 3006942
2006 2 6 11 310078 3017838
2006 2 7 18 269571 2905648
2006 2 8 25 272478 2975296
2006 3 9 4 301867 2860513
2006 3 10 11 294764 2840272
2006 3 11 18 269237 2750543
2006 3 12 25 265370 2680141
2006 4 13 1 253985 2571168
2006 4 14 8 314696 2504901
2006 4 15 15 268472 2482997
2006 4 16 22 291349 2404269
2006 4 17 29 279715 2297774
2006 5 18 6 317239 2227582
2006 5 19 13 288972 2237925
2006 5 20 20 277168 2197167
2006 5 21 27 292714 2163894
2006 6 22 3 260263 2227031
2006 6 23 10 285892 2226057
2006 6 24 17 277441 2219876
2006 6 25 24 287503 2261568
2006 7 26 1 304638 2211698
2006 7 27 8 418363 2517917
2006 7 28 15 377115 2499741
2006 7 29 22 288875 2358926
2006 7 30 29 259974 2366848
2006 8 31 5 275430 2348543
2006 8 32 12 256259 2326364
2006 8 33 19 252357 2268911
2006 8 34 26 251275 2240524
2006 9 35 2 259539 2133891
2006 9 36 9 240231 2152929
2006 9 37 16 267036 2062962
2006 9 38 23 261396 2056523
2006 9 39 30 249288 2039526
2006 10 40 7 307646 2030299
2006 10 41 14 271863 2116794
2006 10 42 21 291372 2087657
2006 10 43 28 301079 2150055
2006 11 44 4 326711 2110151
2006 11 45 11 286151 2269427
2006 11 46 18 367690 2074608
2006 11 47 25 323509 2620460
2006 12 48 2 448898 2436936
2006 12 49 9 384123 2577271
2006 12 50 16 361672 2565805
2006 12 51 23 425357 2654693
2006 12 52 30 499979 3007436
2007 1 1 6 506059 3122227
2007 1 2 13 506709 2925963
2007 1 3 20 367583 3103449
2007 1 4 27 359959 2981310
2007 2 5 3 339018 3079780
2007 2 6 10 363018 2994128
2007 2 7 17 305945 3075023
2007 2 8 24 299000 3013239
2007 3 9 3 320194 3016840
2007 3 10 10 298927 2869668
2007 3 11 17 277187 2826536
2007 3 12 24 273432 2727408
2007 3 13 31 268218 2688419
2007 4 14 7 328266 2594605
2007 4 15 14 317917 2634301
2007 4 16 21 303984 2448102
2007 4 17 28 267672 2451671
2007 5 18 5 274801 2290364
2007 5 19 12 258516 2329671
2007 5 20 19 270446 2231139
2007 5 21 26 273397 2261581
2007 6 22 2 263527 2267710
2007 6 23 9 302368 2298047
2007 6 24 16 290951 2278797
2007 6 25 23 292583 2353893
2007 6 26 30 300348 2303357
2007 7 27 7 417554 2581098
2007 7 28 14 383839 2588709
2007 7 29 21 298366 2463232
2007 7 30 28 257426 2445524
2007 8 31 4 270563 2409122
2007 8 32 11 266420 2414968
2007 8 33 18 257573 2369648
2007 8 34 25 266179 2353210
2007 9 35 1 257454 2236358
2007 9 36 8 245526 2242616
2007 9 37 15 261971 2160459
2007 9 38 22 247643 2140701
2007 9 39 29 255431 2112935
2007 10 40 6 298317 2097457
2007 10 41 13 306519 2175026
2007 10 42 20 307675 2241942
2007 10 43 27 303357 2261001
2007 11 44 3 325831 2292297
2007 11 45 10 351760 2293872
2007 11 46 17 323124 2217421
2007 11 47 24 324047 2725801
2007 12 48 1 462902 2623378
2007 12 49 8 423130 2701670
2007 12 50 15 393042 2813226
2007 12 51 22 456280 2812232
2007 12 52 29 507908 3304308
2008 1 1 5 522700 3509826
2008 1 2 12 547943 3288631
2008 1 3 19 415397 3263036
2008 1 4 26 369498 3333980
2008 2 5 2 380234 3351862
2008 2 6 9 377595 3329894
2008 2 7 16 325886 3310911
2008 2 8 23 330013 3394243
2008 3 9 1 345287 3351954
2008 3 10 8 341364 3296982
2008 3 11 15 335909 3268145
2008 3 12 22 316208 3214056
2008 3 13 29 342189 3209920
2008 4 14 5 357209 3087716
2008 4 15 12 370960 3066005
2008 4 16 19 328334 2967150
2008 4 17 26 337854 2964706
2008 5 18 3 335533 2846543
2008 5 19 10 325479 2847327
2008 5 20 17 319817 2807612
2008 5 21 24 326627 2757822
2008 5 22 31 300989 2828892
2008 6 23 7 373033 2799718
2008 6 24 14 349254 2852595
2008 6 25 21 358158 2855557
2008 6 26 28 368544 2858010
2008 7 27 5 401672 3119577
2008 7 28 12 476071 3153562
2008 7 29 19 403607 3191698
2008 7 30 26 374182 3160029
2008 8 31 2 381887 3193245
2008 8 32 9 372807 3157267
2008 8 33 16 342164 3171619
2008 8 34 23 344255 3116252
2008 8 35 30 360485 3059025
2008 9 36 6 336131 3040383
2008 9 37 13 381720 3014496
2008 9 38 20 397610 3018620
2008 9 39 27 392121 3057698
2008 10 40 4 426786 3073515
2008 10 41 11 454100 3134390
2008 10 42 18 416114 3233118
2008 10 43 25 449429 3310892
2008 11 44 1 466373 3460633
2008 11 45 8 539812 3521951
2008 11 46 15 513047 3781631
2008 11 47 22 609128 3652990
2008 11 48 29 537230 4495571
2008 12 49 6 760481 4377029
2008 12 50 13 629867 4591216
2008 12 51 20 719691 4566281
2008 12 52 27 717000 5311032
2009 1 1 3 731958 5845860
2009 1 2 10 956791 5650014
2009 1 3 17 763987 5715432
2009 1 4 24 620143 5806901
2009 1 5 31 682176 5952109
2009 2 6 7 710152 5971341
2009 2 7 14 619951 6107800
2009 2 8 21 605668 6230217
2009 2 9 28 645827 6359961
2009 3 10 7 652635 6356097
2009 3 11 14 601192 6440135
2009 3 12 21 590067 6388414
2009 3 13 28 599299 6451690
2009 4 14 4 623279 6327841
2009 4 15 11 610522 6406046
2009 4 16 18 596564 6339490
2009 4 17 25 583457 6280863
2009 5 18 2 536648 6191149
2009 5 19 9 570412 6203661
2009 5 20 16 540925 6153284
2009 5 21 23 538311 6033293
2009 5 22 30 500380 6144006
2009 6 23 6 581092 6083219
2009 6 24 13 562449 6113832
2009 6 25 20 572425 6079261
2009 6 26 27 563387 6062527
2009 7 27 4 585963 6175227
2009 7 28 11 677038 6258240
2009 7 29 18 590730 6105329
2009 7 30 25 516351 6021088
2009 8 31 1 470988 5897272
2009 8 32 8 486586 5809704
2009 8 33 15 461780 5683164
2009 8 34 22 460998 5623445
2009 8 35 29 460525 5438521
2009 9 36 5 470079 5301307
2009 9 37 12 414557 5224957
2009 9 38 19 441311 5074784
2009 9 39 26 449620 5019227
2009 10 40 3 456233 4956333
2009 10 41 10 513852 4919102
2009 10 42 17 464985 4987516
2009 10 43 24 499374 4934724
2009 10 44 31 487714 4965336
2009 11 45 7 537230 4888630
2009 11 46 14 479350 5084817
2009 11 47 21 547022 4802559
2009 11 48 28 462090 5402723
2009 12 49 5 673097 5193809
2009 12 50 12 561655 5346238
2009 12 51 19 571378 5089577
2009 12 52 26 561852 5485710
2010 1 1 2 651215 6014881
2010 1 2 9 825891 5791336
2010 1 3 16 659173 5602811
2010 1 4 23 507651 5683672
2010 1 5 30 538617 5683482
2010 2 6 6 512463 5597271
2010 2 7 13 482078 5546388
2010 2 8 20 458160 5596737
2010 2 9 27 474662 5544103
2010 3 10 6 462679 5405031
2010 3 11 13 439061 5357581
2010 3 12 20 413067 5207496
2010 3 13 27 412710 5055002
2010 4 14 3 421130 4987473
2010 4 15 10 514136 4931238
2010 4 16 17 436814 4796318
2010 4 17 24 429196 4671227
2010 5 18 1 399350 4549602
2010 5 19 8 414327 4471786
2010 5 20 15 414572 4411435
2010 5 21 22 410778 4380562
2010 5 22 29 418873 4202202
2010 6 23 5 398864 4319021
2010 6 24 12 448305 4306402
2010 6 25 19 427080 4328074
2010 6 26 26 444712 4309375
2010 7 27 3 470366 4384591
2010 7 28 10 515991 4562782
2010 7 29 17 502065 4554316
2010 7 30 24 413679 4438886
2010 7 31 31 402140 4333445
2010 8 32 7 425471 4281074
2010 8 33 14 405484 4219639
2010 8 34 21 384955 4125414
2010 8 35 28 383135 4138965
2010 9 36 4 381863 3933895
2010 9 37 11 341791 3930908
2010 9 38 18 382341 3810921
2010 9 39 25 372551 3779910
2010 10 40 2 373681 3705947
2010 10 41 9 462667 3715967
2010 10 42 16 394016 3769438
2010 10 43 23 408489 3759365
2010 10 44 30 421097 3783097
2010 11 45 6 452657 3735938
2010 11 46 13 409548 3871043
2010 11 47 20 464817 3665787
2010 11 48 27 412922 4216488
2010 12 49 4 585711 4062531
2010 12 50 11 491776 4179504
2010 12 51 18 495548 4116684
2010 12 52 25 525710 4415512
2011 1 1 1 578904 4790155
2011 1 2 8 773499 4652805
2011 1 3 15 549688 4614149
2011 1 4 22 485950 4632950
2011 1 5 29 464775 4605543
2011 2 6 5 440706 4575640
2011 2 7 12 424400 4587740
2011 2 8 19 380985 4344862
2011 2 9 26 353797 4460146
2011 3 10 5 407299 4296805
2011 3 11 12 371721 4277092
2011 3 12 19 354457 4131066
2011 3 13 26 357457 4085667
2011 4 14 2 353817 3943591
2011 4 15 9 448029 3893218
2011 4 16 16 381834 3783787
2011 4 17 23 387867 3769810
2011 4 18 30 415974 3723271
2011 5 19 7 397737 3586266
2011 5 20 14 361573 3549972
2011 5 21 21 376632 3510507
2011 5 22 28 381497 3426345
2011 6 23 4 366816 3491359
2011 6 24 11 400608 3491533
2011 6 25 18 394286 3511416
2011 6 26 25 406633 3555831
2011 7 27 2 425640 3534925
2011 7 28 9 473963 3783316
2011 7 29 16 470086 3752532
2011 7 30 23 369207 3680729
2011 7 31 30 341103 3580433
2011 8 32 6 354408 3553649
2011 8 33 13 346014 3557586
2011 8 34 20 344870 3473182
2011 8 35 27 336761 3436188
2011 9 36 3 348582 3293105
2011 9 37 10 328868 3306720
2011 9 38 17 353820 3207559
2011 9 39 24 328073 3165909
2011 10 40 1 332394 3113245
2011 10 41 8 405906 3133644
2011 10 42 15 357562 3196554
2011 10 43 22 377156 3199527
2011 10 44 29 369647 3210417
2011 11 45 5 402532 3177477
2011 11 46 12 363016 3374259
2011 11 47 19 440157 3167053
2011 11 48 26 372640 3696154
2011 12 49 3 528793 3540663
2011 12 50 10 435863 3628343
2011 12 51 17 421103 3613414
2011 12 52 24 497689 3779025
2011 12 53 31 540057 4161063
2012 1 1 7 646219 4109127
2012 1 2 14 525422 4069651
2012 1 3 21 416880 4058236
2012 1 4 28 422287 4097013
2012 2 5 4 401365 3984889
2012 2 6 11 365014 4010489
2012 2 7 18 346659 3882527
2012 2 8 25 334242 3988890
2012 3 9 3 368433 3862329
2012 3 10 10 340102 3815580
2012 3 11 17 319498 3699473
2012 3 12 24 323373 3636712
2012 3 13 31 315714 3470104
2012 4 14 7 390064 3448040
2012 4 15 14 370482 3425138
2012 4 16 21 370632 3292783
2012 4 17 28 333476 3210670
2012 5 18 5 341080 3150177
2012 5 19 12 325094 3124324
2012 5 20 19 330427 3060148
2012 5 21 26 346260 3062538
2012 6 22 2 324385 3091216
2012 6 23 9 376610 3101927
2012 6 24 16 364548 3113846
2012 6 25 23 370521 3145031
2012 6 26 30 369826 3112199
2012 7 27 7 442192 3360067
2012 7 28 14 455260 3336728
2012 7 29 21 340780 3246888
2012 7 30 28 312931 3242883
2012 8 31 4 320219 3180011
2012 8 32 11 317680 3167174
2012 8 33 18 311857 3117558
2012 8 34 25 312542 3085324
2012 9 35 1 309537 2930825
2012 9 36 8 299729 2927923
2012 9 37 15 330454 2841521
2012 9 38 22 303685 2822093
2012 9 39 29 301046 2786146
2012 10 40 6 329925 2754663
2012 10 41 13 362730 2816677
2012 10 42 20 345227 2838463
2012 10 43 27 339924 2784503
2012 11 44 3 361823 2964164
2012 11 45 10 478551 2946437
2012 11 46 17 403636 2836478
2012 11 47 24 358865 3316536
2012 12 48 1 500163 3175601
2012 12 49 8 429191 3245480
2012 12 50 15 401431 3255119
2012 12 51 22 457584 3285394
2012 12 52 29 490126 3730872
2013 1 1 5 557424 3868120
2013 1 2 12 558047 3707375
2013 1 3 19 437360 3671018
2013 1 4 26 369567 3736830
2013 2 5 2 388708 3661840
2013 2 6 9 361759 3663619
2013 2 7 16 351087 3531404
2013 2 8 23 310512 3606019
2013 3 9 2 335794 3495559
2013 3 10 9 317661 3453312
2013 3 11 16 301471 3394036
2013 3 12 23 316133 3344342
2013 3 13 30 317494 3286211
2013 4 14 6 356935 3195675
2013 4 15 13 359415 3096325
2013 4 16 20 326264 3020992
2013 4 17 27 301622 2963249
2013 5 18 4 301602 2883832
2013 5 19 11 320253 2769495
2013 5 20 18 303357 2799681
2013 5 21 25 319508 2734582
2013 6 22 1 294608 2771143
2013 6 23 8 332964 2772541
2013 6 24 15 336970 2801508
2013 6 25 22 336901 2778190
2013 6 26 29 335424 2807991
2013 7 27 6 383811 3146960
2013 7 28 13 410974 3047517
2013 7 29 20 340457 2920771
2013 7 30 27 281692 2952831
2013 8 31 3 288861 2853207
2013 8 32 10 282756 2873345
2013 8 33 17 281164 2819994
2013 8 34 24 279803 2737229
2013 8 35 31 269359 2512460
2013 9 36 7 229648 2499855
2013 9 37 14 272946 2456548
2013 9 38 21 255087 2513759
2013 9 39 28 252196 2476262
2013 10 40 5 335937 2437325
2013 10 41 12 360957 2465939
2013 10 42 19 312037 2525254
2013 10 43 26 325326 2511754
2013 11 44 2 331867 2510618
2013 11 45 9 364167 2556519
2013 11 46 16 327053 2689171
2013 11 47 23 369197 2506700
2013 11 48 30 321896 2970677
2013 12 49 7 463413 2880807
2013 12 50 14 414613 3004483
2013 12 51 21 418272 2854624
2013 12 52 28 452664 3298387
2014 1 1 4 488537 3611093
2014 1 2 11 534966 3487905
2014 1 3 18 416116 3373217
2014 1 4 25 357806 3422557
2014 2 5 1 357742 3440027
2014 2 6 8 360338 3411217
2014 2 7 15 322761 3367239
2014 2 8 22 312665 3375731
2014 3 9 1 317832 3277983
2014 3 10 8 302311 3233107
2014 3 11 15 285970 3132104
2014 3 12 22 274072 3090665
2014 3 13 29 294862 2942180
2014 4 14 5 299162 2853279
2014 4 15 12 318793 2757378
2014 4 16 19 299182 2766506
2014 4 17 26 318127 2641583
2014 5 18 3 288748 2559236
2014 5 19 10 270738 2494495
2014 5 20 17 287398 2455022
2014 5 21 24 275412 2394378
2014 5 22 31 264133 2424134
2014 6 23 7 313371 2387182
2014 6 24 14 301195 2413778
2014 6 25 21 305029 2412611
2014 6 26 28 305791 2395821
2014 7 27 5 322753 2558065
2014 7 28 12 370559 2563164
2014 7 29 19 287049 2524006
2014 7 30 26 257625 2481360
2014 8 31 2 247877 2462156
2014 8 32 9 269468 2412394
2014 8 33 16 249463 2403823
2014 8 34 23 249006 2319238
2014 8 35 30 249780 2212896
2014 9 36 6 234755 2167651
2014 9 37 13 242318 2115326
2014 9 38 20 239780 2070228
2014 9 39 27 227571 2031751
2014 10 40 4 257545 2018858
2014 10 41 11 273756 2006710
2014 10 42 18 256166 2081161
2014 10 43 25 271331 2045437
2014 11 44 1 266921 2116640
2014 11 45 8 309338 2067337
2014 11 46 15 286115 2193628
2014 11 47 22 357202 2102005
2014 11 48 29 294389 2515910
2014 12 49 6 389284 2354533
2014 12 50 13 327827 2478752
2014 12 51 20 340827 2352296
2014 12 52 27 389757 2795271
2015 1 1 3 439342 2990368
2015 1 2 10 529685 2911674
2015 1 3 17 383538 2784735
2015 1 4 24 281885 2827617
2015 1 5 31 306643 2795975
2015 2 6 7 324158 2809938
2015 2 7 14 277904 2752771
2015 2 8 21 280639 2835373
2015 2 9 28 315566 2804577
2015 3 10 7 277925 2729749
2015 3 11 14 260242 2705148
2015 3 12 21 248032 2564097
2015 3 13 28 239748 2476255
2015 4 14 4 253533 2381913
2015 4 15 11 308173 2389911
2015 4 16 18 279797 2281070
2015 4 17 25 250780 2199763
2015 5 18 2 236421 2138615
2015 5 19 9 242882 2079285
2015 5 20 16 243612 2079191
2015 5 21 23 253454 2018773
2015 5 22 30 230676 2096986
2015 6 23 6 275619 2056174
2015 6 24 13 258764 2102652
2015 6 25 20 263199 2106077
2015 6 26 27 274646 2138353
2015 7 27 4 303585 2235705
2015 7 28 11 344471 2255273
2015 7 29 18 262949 2258311
2015 7 30 25 230314 2214919
2015 8 31 1 224104 2209980
2015 8 32 8 239326 2161191
2015 8 33 15 229251 2163709
2015 8 34 22 226649 2108101
2015 8 35 29 230079 2061930
2015 9 36 5 232507 1942822
2015 9 37 12 198903 1938894
2015 9 38 19 219342 1876960
2015 9 39 26 215116 1870678
2015 10 40 3 227176 1816410
2015 10 41 10 256522 1826779
2015 10 42 17 232860 1860474
2015 10 43 24 245365 1874526
2015 10 44 31 258440 1900517
2015 11 45 7 291098 1905959
2015 11 46 14 264816 2006025
2015 11 47 21 305424 1891197
2015 11 48 28 262628 2299417
2015 12 49 5 384491 2206522
2015 12 50 12 313276 2286725
2015 12 51 19 319641 2191682
2015 12 52 26 346542 2502457
2016 1 1 2 405368 2803326
2016 1 2 9 502904 2680476
2016 1 3 16 378747 2656738
2016 1 4 23 295936 2688858
2016 1 5 30 311940 2680598
2016 2 6 6 290796 2657981
2016 2 7 13 258380 2612427
2016 2 8 20 248870 2670398
2016 2 9 27 265802 2600820
2016 3 10 5 247628 2548304
2016 3 11 12 236888 2492144
2016 3 12 19 230882 2409099
2016 3 13 26 235716 2375518
2016 4 14 2 245035 2280430
2016 4 15 9 270419 2211972
2016 4 16 16 242400 2154608
2016 4 17 23 245040 2094406
2016 4 18 30 243392 2080555
2016 5 19 7 261899 2014816
2016 5 20 14 244869 2009243
2016 5 21 21 240798 1975916
2016 5 22 28 246740 1939391
2016 6 23 4 232300 1982999
2016 6 24 11 266277 1994248
2016 6 25 18 247968 2009079
2016 6 26 25 263662 2044616
2016 7 27 2 267437 2037038
2016 7 28 9 298673 2161272
2016 7 29 16 268526 2143920
2016 7 30 23 231925 2104590
2016 7 31 30 219202 2110850
2016 8 32 6 231542 2083250
2016 8 33 13 219570 2061744
2016 8 34 20 217011 2021172
2016 8 35 27 215688 1972966
2016 9 36 3 217715 1867279
2016 9 37 10 193291 1835919
2016 9 38 17 205649 1756097
2016 9 39 24 198455 1744083
2016 10 40 1 200456 1709974
2016 10 41 8 238581 1706702
2016 10 42 15 233633 1739879
2016 10 43 22 237314 1741961
2016 10 44 29 245751 1763155
2016 11 45 5 258608 1740791
2016 11 46 12 223770 1857234
2016 11 47 19 287794 1746231
2016 11 48 26 249774 2070694
2016 12 49 3 351580 1996669
2016 12 50 10 305268 2097013
2016 12 51 17 315068 2117870
2016 12 52 24 343213 2253543
2016 12 53 31 350561 2467654
2017 1 1 7 414742 2518545
2017 1 2 14 352799 2464292
2017 1 3 21 284030 2494547
2017 1 4 28 280983 2482809
2017 2 5 4 259713 2464850
2017 2 6 11 245886 2489682
2017 2 7 18 239322 2392472
2017 2 8 25 212829 2447592
2017 3 9 4 243959 2349381
2017 3 10 11 222227 2281836
2017 3 11 18 224693 2283882
2017 3 12 25 228269 2221962
2017 4 13 1 208347 2136831
2017 4 14 8 239823 2042394
2017 4 15 15 225864 2012236
2017 4 16 22 241611 1948731
2017 4 17 29 210955 1852170
2017 5 18 6 215040 1781847
2017 5 19 13 206905 1783911
2017 5 20 20 210544 1759705
2017 5 21 27 232138 1751112
2017 6 22 3 212696 1783314
2017 6 23 10 234652 1795184
2017 6 24 17 228883 1811385
2017 6 25 24 239635 1867478
2017 7 26 1 252886 1839969
2017 7 27 8 284329 1996804
2017 7 28 15 257763 1973777
2017 7 29 22 220455 1939674
2017 7 30 29 198776 1920454
2017 8 31 5 211924 1889713
2017 8 32 12 198280 1885774
2017 8 33 19 195130 1841596
2017 8 34 26 196227 1812487
2017 9 35 2 250627 1699145
2017 9 36 9 211923 1738986
2017 9 37 16 212313 1622607
2017 9 38 23 212987 1614906
2017 9 39 30 204180 1582806
2017 10 40 7 229241 1566253
2017 10 41 14 205592 1603587
2017 10 42 21 216004 1608736
2017 10 43 28 215977 1631860
2017 11 44 4 242111 1623213
2017 11 45 11 236654 1724422
2017 11 46 18 275004 1618630
2017 11 47 25 224851 1957137
2017 12 48 2 326052 1869012
2017 12 49 9 282055 1968105
2017 12 50 16 287479 1985967
2017 12 51 23 325180 2066441
2017 12 52 30 351500 2301683
2018 1 1 6 403930 2416489
2018 1 2 13 354708 2287734
2018 1 3 20 260432 2376238
2018 1 4 27 268197 2310659
2018 2 5 3 243422 2323553
2018 2 6 10 233252 2260662
2018 2 7 17 212609 2258815
2018 2 8 24 196294 2232578
2018 3 9 3 225893 2193796
2018 3 10 10 205185 2108273
2018 3 11 17 198649 2111985
2018 3 12 24 195433 2003104
2018 3 13 31 201057 2001558
2018 4 14 7 231759 1929729
2018 4 15 14 226090 1865447
2018 4 16 21 200139 1738881
2018 4 17 28 186451 1724410
2018 5 18 5 190262 1595249
2018 5 19 12 195214 1604119
2018 5 20 19 207043 1574005
2018 5 21 26 202846 1573324
2018 6 22 2 191523 1559759
2018 6 23 9 217289 1588055
2018 6 24 16 206023 1585979
2018 6 25 23 222766 1645954
2018 6 26 30 231539 1636791
2018 7 27 7 264869 1772705
2018 7 28 14 232238 1760512
2018 7 29 21 201288 1710317
2018 7 30 28 179880 1729890
2018 8 31 4 185174 1678892
2018 8 32 11 180038 1668840
2018 8 33 18 173331 1624222
2018 8 34 25 175745 1600035
2018 9 35 1 173607 1494794
2018 9 36 8 162640 1461553
2018 9 37 15 173624 1412803
2018 9 38 22 172930 1395338
2018 9 39 29 171816 1369317
2018 10 40 6 193936 1350834
2018 10 41 13 190501 1370783
2018 10 42 20 198733 1383438
2018 10 43 27 198530 1392026
2018 11 44 3 214814 1436650
2018 11 45 10 235981 1447041
2018 11 46 17 226576 1437625
2018 11 47 24 218658 1665498
2018 12 48 1 317936 1649838
2018 12 49 8 261525 1722153
2018 12 50 15 255195 1764701
2018 12 51 22 291581 1798455
2018 12 52 29 327388 2076626
2019 1 1 5 350681 2172537
2019 1 2 12 343678 2090268
2019 1 3 19 269369 2124743
2019 1 4 26 250580 2098575
2019 2 5 2 254263 2142462
2019 2 6 9 242762 2084361
2019 2 7 16 210679 2125992
2019 2 8 23 203049 2112404
2019 3 9 2 220540 2088410
2019 3 10 9 209302 2008348
2019 3 11 16 194335 2009317
2019 3 12 23 190023 1908355
2019 3 13 30 183775 1861690
2019 4 14 6 196071 1730108
2019 4 15 13 196364 1703576
2019 4 16 20 211762 1647874
2019 4 17 27 204755 1633529
2019 5 18 4 204033 1539086
2019 5 19 11 188264 1543472
2019 5 20 18 191931 1509265
2019 5 21 25 198194 1521741
2019 6 22 1 189577 1538065
2019 6 23 8 220186 1522665
2019 6 24 15 205921 1558646
2019 6 25 22 225819 1588879
2019 6 26 29 224565 1610633
2019 7 27 6 231995 1702745
2019 7 28 13 243621 1697505
2019 7 29 20 196382 1680029
2019 7 30 27 178897 1665287
2019 8 31 3 179879 1679471
2019 8 32 10 186914 1619391
2019 8 33 17 171386 1615803
2019 8 34 24 176867 1566934
2019 8 35 31 179516 1476199
2019 9 36 7 160342 1465554
2019 9 37 14 173134 1399601
2019 9 38 21 175394 1383346
2019 9 39 28 172968 1392109
2019 10 40 5 188106 1369887
2019 10 41 12 201677 1386868
2019 10 42 19 186748 1419512
2019 10 43 26 198733 1423681
2019 11 44 2 205625 1450304
2019 11 45 9 238996 1460773
2019 11 46 16 227892 1545007
2019 11 47 23 252428 1508294
2019 11 48 30 216827 1754590
2019 12 49 7 317866 1728066
2019 12 50 14 270547 1798885
2019 12 51 21 287243 1776317
2019 12 52 28 312524 2145748
2020 1 1 4 335294 2251286
2020 1 2 11 337883 2142711
2020 1 3 18 281646 2082416
2020 1 4 25 228443 2154866
2020 2 5 1 224561 2088693
2020 2 6 8 219459 2100473
2020 2 7 15 209218 2062380
2020 2 8 22 198845 2103967
2020 2 9 29 216625 2055782
2020 3 10 7 199914 1977774
2020 3 11 14 251875 2072982
2020 3 12 21 2914268 3409946
2020 3 13 28 5981838 8155772
2020 4 14 4 6161268 12445761
2020 4 15 11 4898119 16257569
2020 4 16 18 4221704 17771539
2020 4 17 25 3466665 21750455
2020 5 18 2 2790860 20855239
2020 5 19 9 2325889 23037921
2020 5 20 16 2162822 19038443
2020 5 21 23 1902006 19117418
2020 5 22 30 1610909 19119534
2020 6 23 6 1555824 18687210
2020 6 24 13 1456353 17824245
2020 6 25 20 1446176 17518701
2020 6 26 27 1425969 16610187
2020 7 27 4 1390315 17393811
2020 7 28 11 1511632 16396755
2020 7 29 18 1372247 16882651
2020 7 30 25 1200962 15912870
2020 8 31 1 982808 15254647
2020 8 32 8 830266 14155561
2020 8 33 15 878555 13839981
2020 8 34 22 813744 13111405
2020 8 35 29 826436 13325312
2020 9 36 5 857006 12408041
2020 9 37 12 784765 12391859
2020 9 38 19 814441 11037698
2020 9 39 26 731391 10156207
2020 10 40 3 722387 8917793
2020 10 41 10 820590 8079336
2020 10 42 17 757745 7458507
2020 10 43 24 731660 6856962
2020 10 44 31 736618 6463798
2020 11 45 7 719716 6061953
2020 11 46 14 708717 5917243
2020 11 47 21 827447 5233699
2020 11 48 28 710901 5790244
2020 12 49 5 946091 5479766
2020 12 50 12 928178 5415955
2020 12 51 19 854113 5225786
2020 12 52 26 823512 5362308
2021 1 1 2 898597 5756886
2021 1 2 9 1082696 5479170
2021 1 3 16 930184 5189122
2021 1 4 23 833704 5172094
2021 1 5 30 843702 5016190
2021 2 6 6 860209 4948967
2021 2 7 13 827835 4804914
2021 2 8 20 707268 4820155
2021 2 9 27 749251 4539713
2021 3 10 6 714661 4461608
2021 3 11 13 750287 4200385
2021 3 12 20 630621 4069329
2021 3 13 27 701073 4002030
2021 4 14 3 668346 3902729
2021 4 15 10 620420 3828584
2021 4 16 17 583397 3776395
2021 4 17 24 611236 3763243
2021 5 18 1 510161 3688043
2021 5 19 8 488815 3666448
2021 5 20 15 451302 3502467
2021 5 21 22 416310 3499487
2021 5 22 29 430171 3333477
2021 6 23 5 364577 3297988
2021 6 24 12 407798 3232185
2021 6 25 19 398284 3285183
2021 6 26 26 362899 3243237
2021 7 27 3 382622 3125391
2021 7 28 10 388662 3262801
2021 7 29 17 411244 3263660
2021 7 30 24 342604 2930342
2021 7 31 31 325715 2850382
2021 8 32 7 323043 2808137
2021 8 33 14 309465 2809776
2021 8 34 21 298791 2674769
2021 8 35 28 292292 2668660
2021 9 36 4 285950 2377950
2021 9 37 11 265902 2509945
2021 9 38 18 306581 2472303
2021 9 39 25 301143 2404346
2021 10 40 2 261927 2262789
2021 10 41 9 280597 2168231
2021 10 42 16 257215 1986641
2021 10 43 23 247330 1885010
2021 10 44 30 241719 1952922
2021 11 45 6 257033 1783320
2021 11 46 13 240435 1820572
2021 11 47 20 253369 1561251
2021 11 48 27 216685 1965793
2021 12 49 4 283935 1734625
2021 12 50 11 265692 1827626
2021 12 51 18 255021 1638597
2021 12 52 25 257870 1869758
2022 1 1 1 315753 2053311
2022 1 2 8 421131 2064943
2022 1 3 15 340930 2001235
2022 1 4 22 268730 2034536
2022 1 5 29 257583 1999446
2022 2 6  5 230740 1971483
2022 2 7 12 239812 1910831
2022 2 8 19 215978 1852099
2022 2 9 26 196047 1912171
2022 3 10 5 219875 1804315
2022 3 11 12 203911 1722208
2022 3 12 19 182339 1671160
2022 3 13 26 196811 1651179
2022 4 14 2 194394  1571118
2022 4 15 9 222545 .